[[ 76, 248,4,0,77,2,0,27,240,255,15,0,49,3 ],
[ 208, 248,4,0,209,2,0,27,240,255,15,0,178,6 ],
[ 223, 248,4,0,224,2,0,27,240,255,15,0,192,7 ],
[ 253, 248,4,0,254,2,0,27,240,255,15,0,225,4 ],
[ 227, 248,4,0,228,2,0,27,240,255,15,0,134,69 ],
[ 6, 248,4,0,6,3,0,27,240,255,15,0,167,70 ],
[ 79, 248,4,0,79,3,0,27,240,255,15,0,242,68 ],
[ 83, 248,4,0,83,3,0,27,240,255,15,0,243,71 ],
[ 192, 248,4,0,193,2,0,27,240,255,15,0,163,5 ],
[ 189, 248,4,0,190,2,0,27,240,255,15,0,164,1 ],
[ 159, 248,4,0,160,2,0,27,240,255,15,0,133,2 ],
[ 69, 248,4,0,70,2,0,27,240,255,15,0,38,7 ],
[ 69, 248,4,0,70,2,0,27,240,255,15,0,43,2 ],
[ 74, 248,4,0,75,2,0,27,240,255,15,0,45,5 ],
[ 107, 248,4,0,108,2,0,27,240,255,15,0,79,4 ],
[ 42, 248,4,0,43,2,0,27,240,255,15,0,12,6 ],
[ 72, 248,4,0,73,2,0,27,240,255,15,0,48,0 ],
[ 72, 248,4,0,73,2,0,27,240,255,15,0,48,0 ],
[ 24, 248,4,0,25,2,0,27,240,255,15,0,0,0 ],
[ 56, 248,4,0,57,2,0,27,240,255,15,0,32,0 ],
[ 160, 248,4,0,161,2,0,27,240,255,15,0,68,68 ],
[ 192, 248,4,0,193,2,0,27,240,255,15,0,100,68 ],
[ 192, 248,4,0,193,2,0,27,240,255,15,0,100,68 ],
[ 192, 248,4,0,193,2,0,27,240,255,15,0,100,68 ],
[ 56, 248,4,0,57,2,0,27,240,255,15,0,32,0 ],
[ 56, 248,4,0,57,2,0,27,240,255,15,0,32,0 ],
[ 24, 248,4,0,25,2,0,27,240,255,15,0,0,0 ],
[ 56, 248,4,0,57,2,0,27,240,255,15,0,32,0 ],
[ 56, 248,4,0,57,2,0,27,240,255,15,0,32,0 ],
[ 56, 248,4,0,57,2,0,27,240,255,15,0,32,0 ],
[ 24, 248,4,0,25,2,0,27,240,255,15,0,0,0 ],
[ 24, 248,4,0,25,2,0,27,240,255,15,0,0,0 ]]

Those of the above which light up the tester
[0, 1, 2, 3, 4, 5, 6, 7, 8, 9, 10, 11, 12, 13, 14, 15, 20, 21, 22, 23]
and are 
MTC_Pulse
+BKG
BeamOn_Pulse
+BKG
BeamOnMeas_Pulse
+BKG
BeamOffMeas_Pulse
+BKG
Lite_Pulse
+BKG
LiteBeam_Pulse
+BKG
BeamOff_Pulse
+BKG
AllOff_Pulse
+BKG

CHECK!!

but BeamOnMeas
and BeamOffMeas
+BKG

also fire

bad...

[[76, 248,4,0,77,2,0,27,240,255,15,0,49,3 ],
[208, 248,4,0,209,2,0,27,240,255,15,0,178,6 ],
[223, 248,4,0,224,2,0,27,240,255,15,0,192,7 ],
[253, 248,4,0,254,2,0,27,240,255,15,0,225,4 ],
[91, 248,4,0,92,2,0,27,240,255,15,0,66,1 ],
[125, 248,4,0,126,2,0,27,240,255,15,0,99,2 ],
[198, 248,4,0,199,2,0,27,240,255,15,0,174,0 ],
[202, 248,4,0,203,2,0,27,240,255,15,0,175,3 ],
[192, 248,4,0,193,2,0,27,240,255,15,0,163,5 ],
[189, 248,4,0,190,2,0,27,240,255,15,0,164,1 ],
[159, 248,4,0,160,2,0,27,240,255,15,0,133,2 ],
[69, 248,4,0,70,2,0,27,240,255,15,0,38,7 ],
[69, 248,4,0,70,2,0,27,240,255,15,0,43,2 ],
[74, 248,4,0,75,2,0,27,240,255,15,0,45,5 ],
[107, 248,4,0,108,2,0,27,240,255,15,0,79,4 ],
[42, 248,4,0,43,2,0,27,240,255,15,0,12,6 ],
[72, 248,4,0,73,2,0,27,240,255,15,0,48,0 ],
[72, 248,4,0,73,2,0,27,240,255,15,0,48,0 ],
[24, 248,4,0,25,2,0,27,240,255,15,0,0,0 ],
[56, 248,4,0,57,2,0,27,240,255,15,0,32,0 ],
[24, 248,4,0,25,2,0,27,240,255,15,0,0,0 ],
[56, 248,4,0,57,2,0,27,240,255,15,0,32,0 ],
[56, 248,4,0,57,2,0,27,240,255,15,0,32,0 ],
[56, 248,4,0,57,2,0,27,240,255,15,0,32,0 ],
[56, 248,4,0,57,2,0,27,240,255,15,0,32,0 ],
[56, 248,4,0,57,2,0,27,240,255,15,0,32,0 ],
[24, 248,4,0,25,2,0,27,240,255,15,0,0,0 ],
[56, 248,4,0,57,2,0,27,240,255,15,0,32,0 ],
[56, 248,4,0,57,2,0,27,240,255,15,0,32,0 ],
[56, 248,4,0,57,2,0,27,240,255,15,0,32,0 ],
[24, 248,4,0,25,2,0,27,240,255,15,0,0,0 ],
[24, 248,4,0,25,2,0,27,240,255,15,0,0,0 ]]

[[166, 248,5,0,166,2,0,27,240,255,15,0,7,4,5,125 ],
[75, 248,5,0,74,3,0,27,240,255,15,0,168,7,5,125 ],
[73, 248,5,0,72,3,0,27,240,255,15,0,169,4,5,125 ],
[166, 248,5,0,166,2,0,27,240,255,15,0,10,1,5,125 ],
[155, 248,5,0,155,2,0,27,240,255,15,0,0,0,5,125 ],
[187, 248,5,0,187,2,0,27,240,255,15,0,32,0,5,125 ],
[187, 248,5,0,187,2,0,27,240,255,15,0,32,0,5,125 ],
[187, 248,5,0,187,2,0,27,240,255,15,0,32,0,5,125 ]]

