[[260, 258, 262, 6, 256, 4, 2], 
[137, 136, 138, 130, 10, 139, 129, 9, 131, 11, 3], 
[29, 28, 26, 22, 14, 30, 27, 25, 21, 13, 23, 19, 11, 15, 7, 31], 
[281, 280, 272, 264, 24, 273, 265, 25, 257, 17, 9], 
[148, 144, 132, 20, 128, 16, 4], 
[400, 402, 386, 274, 146, 384, 272, 144, 258, 130, 18], 
[232, 224, 200, 168, 104, 192, 160, 96, 136, 72, 40], 
[492, 490, 486, 494, 462, 430, 366, 238, 488, 484, 460, 428, 364, 236, 482, 458, 426, 362, 234, 454, 422, 358, 230, 398, 334, 206, 302, 174, 110], 
[397, 396, 392, 388, 268, 140, 393, 389, 269, 141, 385, 265, 137, 261, 133, 13], 
[76, 72, 68, 12, 64, 8, 4], 
[328, 330, 322, 266, 74, 320, 264, 72, 258, 66, 10], 
[197, 196, 194, 198, 134, 70, 195, 193, 133, 69, 199, 131, 67, 135, 71, 7], 
[416, 418, 386, 290, 162, 384, 288, 160, 258, 130, 34], 
[357, 356, 352, 324, 292, 100, 353, 325, 293, 101, 321, 289, 97, 261, 69, 37], 
[97, 96, 98, 66, 34, 99, 65, 33, 67, 35, 3], 
[449, 448, 384, 320, 192, 385, 321, 193, 257, 129, 65], 
[45, 44, 42, 38, 46, 14, 43, 41, 37, 13, 39, 35, 11, 47, 7, 15], 
[297, 296, 288, 264, 40, 289, 265, 41, 257, 33, 9], 
[164, 160, 132, 36, 128, 32, 4], 
[497, 496, 480, 464, 432, 368, 240, 481, 465, 433, 369, 241, 449, 417, 353, 225, 401, 337, 209, 305, 177, 113]]

hamming less than 3
000011111 000101111
100011001 100101001
010010100 010100100
110010010 110100010
111000001 111110001

hamming less than 4
100000110 110010010
100000110 101001010
100000110 110100010
010001011 000011111
010001011 110001101
010001011 011000111
010001011 000101111
000011111 100011001
000011111 000101111
100011001 110001101
100011001 100101001
010010100 110010010
010010100 010100100
110010010 110100010
011101000 111101110
011101000 001001100
011101000 010100100
111101110 101001010
111101110 110100010
110001101 111000001
110001101 100101001
001001100 101001010
011000111 001100011
011000111 111000001
110100010 010100100
101100101 001100011
101100101 111000001
101100101 100101001
101100101 111110001
001100011 000101111
111000001 111110001
000101111 100101001
[[224, 192, 160, 96, 128, 64, 32], [400, 402, 386, 274, 146, 384, 272, 144, 258, 130, 18], [433, 432, 434, 418, 402, 306, 178, 435, 417, 401, 305, 177, 419, 403, 307, 179, 387, 291, 163, 275, 147, 51], [337, 336, 338, 322, 274, 82, 339, 321, 273, 81, 323, 275, 83, 259, 67, 19], [33, 32, 0, 1], [193, 192, 128, 64, 129, 65, 1], [28, 26, 22, 14, 30, 24, 20, 12, 18, 10, 6], [252, 250, 246, 238, 222, 190, 126, 254, 248, 244, 236, 220, 188, 124, 242, 234, 218, 186, 122, 230, 214, 182, 118, 206, 174, 110, 158, 94, 62], [368, 370, 354, 338, 306, 114, 352, 336, 304, 112, 322, 290, 98, 274, 82, 50], [56, 58, 50, 42, 26, 48, 40, 24, 34, 18, 10], [216, 218, 210, 202, 154, 90, 208, 200, 152, 88, 194, 146, 82, 138, 74, 26], [424, 416, 392, 296, 168, 384, 288, 160, 264, 136, 40], [196, 192, 132, 68, 128, 64, 4], [364, 360, 356, 332, 300, 108, 352, 328, 296, 104, 324, 292, 100, 268, 76, 44], [396, 392, 388, 268, 140, 384, 264, 136, 260, 132, 12], [328, 320, 264, 72, 256, 64, 8], [436, 434, 438, 422, 406, 310, 182, 432, 420, 404, 308, 180, 418, 402, 306, 178, 390, 294, 166, 278, 150, 54], [340, 338, 342, 326, 278, 86, 336, 324, 276, 84, 322, 274, 82, 262, 70, 22], [36, 32, 4, 0], [333, 332, 328, 324, 268, 76, 329, 325, 269, 77, 321, 265, 73, 261, 69, 13]]